File name: '../../data-orss-measurements/041822 1D Multitag Ranging/test-data-mult 041822.csv'

relative_percent_error =

   -0.0555   -0.0555   -0.0555    0.0752   -0.0555
   -0.0529    0.0319    0.0283    0.0223    0.0103


max_rel_percent_err =

    0.0752
    0.0529


min_rel_percent_err =

    0.0555
    0.0103


max_stdev =

    0.0136
    0.0187


min_stdev =

    0.0110
    0.0018


max_prob_det =

    0.9390
    0.9396


min_prob_det =

    0.8509
    0.8520


max_fa =

    0.0020
    0.0013


min_fa =

   1.0e-03 *

    1.0000
         0


offsets =

   -10    -5     0     5    10


num_samples_per_offset =

        7000        7000        7000        7000        7000


mode_data =

    0.2354    0.2354    0.2354    0.2616    0.2354
    0.3662    0.3400    0.2877    0.2354    0.1831


mean_data =

    0.2362    0.2479    0.2462    0.2593    0.2433
    0.3666    0.3384    0.2876    0.2356    0.1828


stdev_data =

    0.0110    0.0136    0.0129    0.0113    0.0121
    0.0142    0.0071    0.0018    0.0187    0.0026


error_data =

    0.0362    0.0479    0.0462    0.0593    0.0433
    0.0666    0.0884    0.0876    0.0856    0.0828


num_detected_samples =

        6375        6586        6311        6387        5964


num_true_detected_samples =

        6361        6573        6303        6380        5956
        6368        6577        6311        6380        5964


true_mean_data =

    0.2361    0.2477    0.2462    0.2593    0.2433
    0.3662    0.3383    0.2876    0.2354    0.1828


true_stdev_data =

    0.0041    0.0131    0.0129    0.0079    0.0120
    0.0019    0.0065    0.0018    0.0013    0.0026


true_error_data =

   -0.0639   -0.0023    0.0462    0.1093    0.1433
    0.1662    0.1383    0.0876    0.0354   -0.0172


prob_detect =

    0.9087    0.9390    0.9004    0.9114    0.8509
    0.9097    0.9396    0.9016    0.9114    0.8520


false_alarm =

    0.0020    0.0019    0.0011    0.0010    0.0011
    0.0010    0.0013         0    0.0010         0


range_offset_1 =

    0.0465


range_offset_2 =

    0.0821


offset_error =

    1.0997    0.0843         0    1.5068    0.1892