File name: '../../data-orss-measurements/030422 1D Orientation/full-data-orientation 030422.csv'

angles =

   -30   -25   -20   -15   -10    -5     0     5    10    15    20    25    30


num_samples_per_angle =

        7000        7000        7000        7000        7000        7000           0        7000        7000        7000        7000        7000        7000


mode_data =

       NaN    0.4708    0.4708    0.4447    0.4447    0.4447       NaN    0.4447    0.4447    0.4185    0.4185    0.5493    0.4708


num_detected_samples =

           0         198        4157        5988        5913        5776           0        5926        5547        3986         752           1           1


num_true_detected_samples =

           0         153        4042        5952        5869        5735           0        5874        5485        3841         661           1           1


prob_detect =

         0    0.0219    0.5774    0.8503    0.8384    0.8193    0.9030    0.8391    0.7836    0.5487    0.0944    0.0001    0.0001


false_alarm =

         0    0.0064    0.0164    0.0051    0.0063    0.0059    0.0091    0.0074    0.0089    0.0207    0.0130         0         0