File name: '../../data-orss-measurements/032922 1D Ranging/range-new-peak-corrected35-no95 033122.csv'

max_rel_percent_err =

   -0.0020


min_rel_percent_err =

   -0.0020


max_stdev =

    0.0201


min_stdev =

   5.4165e-04


max_prob_det =

    0.9993


min_prob_det =

    0.4637


max_fa =

    0.0016


min_fa =

     0


ranges =

     5    10    15    20    25    30    35    40    45    50    55    60    65    70    75    80    85    90


num_samples_per_range =

  Columns 1 through 17

        7003        7026        7416        7021        7234        7242        8080        7161        7671        8038        7540        9197        9225        8526        9754       14227        9088

  Column 18

        8829


mode_data =

    0.1308    0.1831    0.2354    0.2877    0.3400    0.3924    0.4447    0.4708    0.5493    0.5755    0.6278    0.6801    0.7324    0.7847    0.8370    0.8893    0.9155    0.9940


mean_data =

    0.1338    0.1836    0.2354    0.2876    0.3399    0.3921    0.4435    0.4802    0.5488    0.5760    0.6297    0.6803    0.7324    0.7846    0.8369    0.8893    0.9225    0.9875


stdev_data =

    0.0083    0.0035    0.0005    0.0020    0.0022    0.0032    0.0053    0.0133    0.0037    0.0044    0.0092    0.0050    0.0056    0.0046    0.0048    0.0028    0.0171    0.0201


error_data =

    0.0838    0.0836    0.0854    0.0876    0.0899    0.0921    0.0935    0.0802    0.0988    0.0760    0.0797    0.0803    0.0824    0.0846    0.0869    0.0893    0.0725    0.0875


num_detected_samples =

  Columns 1 through 17

        6998        6995        6997        6908        6957        6753        6959        6052        6739        6663        4228        6767        5851        5137        5727        6598        5315

  Column 18

        4752


num_true_detected_samples =

  Columns 1 through 17

        6998        6995        6997        6908        6955        6752        6959        6047        6739        6662        4226        6764        5847        5136        5725        6597        5307

  Column 18

        4738


true_mean_data =

    0.1338    0.1836    0.2354    0.2876    0.3399    0.3920    0.4435    0.4802    0.5488    0.5760    0.6297    0.6804    0.7325    0.7847    0.8370    0.8893    0.9230    0.9884


true_stdev_data =

    0.0083    0.0035    0.0005    0.0020    0.0018    0.0029    0.0053    0.0126    0.0037    0.0038    0.0086    0.0029    0.0022    0.0013    0.0017    0.0012    0.0118    0.0108


true_error_data =

    0.0838    0.0836    0.0854    0.0876    0.0899    0.0920    0.0935    0.0802    0.0988    0.0760    0.0797    0.0804    0.0825    0.0847    0.0870    0.0893    0.0730    0.0884


prob_detect =

    0.9993    0.9956    0.9435    0.9839    0.9614    0.9323    0.8613    0.8444    0.8785    0.8288    0.5605    0.7355    0.6338    0.6024    0.5869    0.4637    0.5840    0.5366


false_alarm =

         0         0         0         0    0.0003    0.0001         0    0.0007         0    0.0001    0.0003    0.0003    0.0004    0.0001    0.0002    0.0001    0.0009    0.0016


range_offset =

    0.0851


testcurve = 

     General model Gauss1:
     testcurve(x) =  a1*exp(-((x-b1)/c1)^2)
     Coefficients (with 95% confidence bounds):
       a1 =       1.053  (0.7959, 1.309)
       b1 =      -17.43  (-83.3, 48.44)
       c1 =         121  (55.91, 186.1)