File name: 'full-data-range 030422.csv'

ranges =

     5    10    15    20    25    30    35    40    45    50    55    60    65    70    75    80    85    90    95


num_samples_per_range =

        7000        7000        7000        6857        7000        7000        6894        6000        7000        6542        7000        7000        7000        6809        7000        7000        6001        7000        7000


mode_data =

    0.1308    0.1831    0.2354    0.2877    0.3400    0.3924    0.4447    0.4970    0.5231    0.5755    0.6278    0.6801    0.7324    0.7847    0.8370    0.8893    0.9417    0.9940    1.0201


mean_data =

    0.1308    0.1831    0.2356    0.2877    0.3398    0.3909    0.4396    0.4869    0.5330    0.5879    0.6313    0.6809    0.7329    0.7846    0.8364    0.8856    0.9357    0.9786    1.0266


stdev_data =

    0.0012    0.0010    0.0056    0.0032    0.0074    0.0113    0.0205    0.0169    0.0189    0.0185    0.0180    0.0198    0.0139    0.0119    0.0107    0.0290    0.0355    0.0318    0.0453


error_data =

    0.0808    0.0831    0.0856    0.0877    0.0898    0.0909    0.0896    0.0869    0.0830    0.0879    0.0813    0.0809    0.0829    0.0846    0.0864    0.0856    0.0857    0.0786    0.0766


num_detected_samples =

        6986        6932        6963        6830        6783        6466        6288        5038        5785        5160        5224        4874        4918        5305        4972        3531        2473        2922        2686


num_true_detected_samples =

        6986        6932        6962        6829        6780        6449        6225        5021        5748        5130        5178        4827        4874        5283        4956        3503        2411        2871        2640


true_mean_data =

    0.1308    0.1831    0.2355    0.2877    0.3397    0.3907    0.4380    0.4865    0.5325    0.5874    0.6311    0.6815    0.7328    0.7849    0.8368    0.8878    0.9397    0.9815    1.0314


true_stdev_data =

    0.0012    0.0010    0.0019    0.0023    0.0038    0.0068    0.0115    0.0130    0.0127    0.0132    0.0089    0.0071    0.0042    0.0040    0.0040    0.0064    0.0073    0.0133    0.0131


true_error_data =

    0.0808    0.0831    0.0855    0.0877    0.0897    0.0907    0.0880    0.0865    0.0825    0.0874    0.0811    0.0815    0.0828    0.0849    0.0868    0.0878    0.0897    0.0815    0.0814


prob_detect =

    0.9980    0.9903    0.9946    0.9959    0.9686    0.9213    0.9030    0.8368    0.8211    0.7842    0.7397    0.6896    0.6963    0.7759    0.7080    0.5004    0.4018    0.4101    0.3771


false_alarm =

         0         0    0.0001    0.0001    0.0004    0.0024    0.0091    0.0028    0.0053    0.0046    0.0066    0.0067    0.0063    0.0032    0.0023    0.0040    0.0103    0.0073    0.0066


range_offset =

    0.0852